m=9
nc=2
n=30
---
0	 0	  0	 700	 200	 320	 30	  
1	 0	  0	 700	 200	 320	 30	  
2	 0	  0	 700	 200	 320	 30	  
3	 0	  0	 700	 200	 320	 30	  
4	 1	  0	 700	 200	 320	 30	  
5	 1	  0	 700	 200	 320	 30	  
6	 1	  0	 700	 200	 320	 30	  
7	 1	  0	 700	 200	 320	 30	  
8	 1	  0	 700	 200	 320	 30	  
---
0	0	0	15	15	15	15	15	15	15	15	15	15	51	51	51	62	62	62	62	44	44	44	44	5	5	52	52	52	91	44	88	88	44	44	44	88	44	88 	
0	0	0	15	15	15	15	15	15	15	15	15	15	51	51	51	62	62	62	62	44	44	44	44	5	5	52	52	52	91	44	88	88	44	44	44	88	44	88	 	
0	0	0	15	15	15	15	15	15	15	15	15	15	51	51	51	62	62	62	62	44	44	44	44	5	5	52	52	52	91	44	88	88	44	44	44	88	44	88	 
15	15	15	0	0	0	0	0	0	0	0	0	0	46	46	46	50	50	50	50	39	39	39	39	10	10	56	56	56	87	33	74	74	33	33	33	74	33	74	 
15	15	15	0	0	0	0	0	0	0	0	0	0	46	46	46	50	50	50	50	39	39	39	39	10	10	56	56	56	87	33	74	74	33	33	33	74	33	74	 	
15	15	15	0	0	0	0	0	0	0	0	0	0	46	46	46	50	50	50	50	39	39	39	39	10	10	56	56	56	87	33	74	74	33	33	33	74	33	74	 	
15	15	15	0	0	0	0	0	0	0	0	0	0	46	46	46	50	50	50	50	39	39	39	39	10	10	56	56	56	87	33	74	74	33	33	33	74	33	74	 	
15	15	15	0	0	0	0	0	0	0	0	0	0	46	46	46	50	50	50	50	39	39	39	39	10	10	56	56	56	87	33	74	74	33	33	33	74	33	74	 
15	15	15	0	0	0	0	0	0	0	0	0	0	46	46	46	50	50	50	50	39	39	39	39	10	10	56	56	56	87	33	74	74	33	33	33	74	33	74	 
15	15	15	0	0	0	0	0	0	0	0	0	0	46	46	46	50	50	50	50	39	39	39	39	10	10	56	56	56	87	33	74	74	33	33	33	74	33	74	 
15	15	15	0	0	0	0	0	0	0	0	0	0	46	46	46	50	50	50	50	39	39	39	39	10	10	56	56	56	87	33	74	74	33	33	33	74	33	74	 	
15	15	15	0	0	0	0	0	0	0	0	0	0	46	46	46	50	50	50	50	39	39	39	39	10	10	56	56	56	87	33	74	74	33	33	33	74	33	74	 	
15	15	15	0	0	0	0	0	0	0	0	0	0	46	46	46	50	50	50	50	39	39	39	39	10	10	56	56	56	87	33	74	74	33	33	33	74	33	74	 	
51	51	51	46	46	46	46	46	46	46	46	46	46	0	0	0	30	30	30	30	7	7	7	7	48	48	28	28	28	40	24	58	58	24	24	24	58	24	58	 	
51	51	51	46	46	46	46	46	46	46	46	46	46	0	0	0	30	30	30	30	7	7	7	7	48	48	28	28	28	40	24	58	58	24	24	24	58	24	58	 
51	51	51	46	46	46	46	46	46	46	46	46	46	0	0	0	30	30	30	30	7	7	7	7	48	48	28	28	28	40	24	58	58	24	24	24	58	24	58	 	
62	62	62	50	50	50	50	50	50	50	50	50	50	30	30	30	0	0	0	0	31	31	31	31	58	58	58	58	58	53	18	28	28	18	18	18	28	18	28	 
62	62	62	50	50	50	50	50	50	50	50	50	50	30	30	30	0	0	0	0	31	31	31	31	58	58	58	58	58	53	18	28	28	18	18	18	28	18	28	 
62	62	62	50	50	50	50	50	50	50	50	50	50	30	30	30	0	0	0	0	31	31	31	31	58	58	58	58	58	53	18	28	28	18	18	18	28	18	28	 
62	62	62	50	50	50	50	50	50	50	50	50	50	30	30	30	0	0	0	0	31	31	31	31	58	58	58	58	58	53	18	28	28	18	18	18	28	18	28	 
44	44	44	39	39	39	39	39	39	39	39	39	39	7	7	7	31	31	31	31	0	0	0	0	41	41	28	28	28	47	20	59	59	20	20	20	59	20	59	 	
44	44	44	39	39	39	39	39	39	39	39	39	39	7	7	7	31	31	31	31	0	0	0	0	41	41	28	28	28	47	20	59	59	20	20	20	59	20	59	 	
44	44	44	39	39	39	39	39	39	39	39	39	39	7	7	7	31	31	31	31	0	0	0	0	41	41	28	28	28	47	20	59	59	20	20	20	59	20	59	 	
44	44	44	39	39	39	39	39	39	39	39	39	39	7	7	7	31	31	31	31	0	0	0	0	41	41	28	28	28	47	20	59	59	20	20	20	59	20	59	 
5	5	5	10	10	10	10	10	10	10	10	10	10	48	48	48	58	58	58	58	41	41	41	41	0	0	52	52	52	89	40	83	83	40	40	40	83	40	83	 	
5	5	5	10	10	10	10	10	10	10	10	10	10	48	48	48	58	58	58	58	41	41	41	41	0	0	52	52	52	89	40	83	83	40	40	40	83	40	83	 	
52	52	52	56	56	56	56	56	56	56	56	56	56	28	28	28	58	58	58	58	28	28	28	28	52	52	0	0	0	49	48	86	86	48	48	48	86	48	86	 
52	52	52	56	56	56	56	56	56	56	56	56	56	28	28	28	58	58	58	58	28	28	28	28	52	52	0	0	0	49	48	86	86	48	48	48	86	48	86	 
52	52	52	56	56	56	56	56	56	56	56	56	56	28	28	28	58	58	58	58	28	28	28	28	52	52	0	0	0	49	48	86	86	48	48	48	86	48	86	 
91	91	91	87	87	87	87	87	87	87	87	87	87	40	40	40	53	53	53	53	47	47	47	47	89	89	49	49	49	0	59	68	68	59	59	59	68	59	68	 
44	44	44	33	33	33	33	33	33	33	33	33	33	24	24	24	18	18	18	18	20	20	20	20	40	40	48	48	48	59	0	0	0	0	0	0	0	0	0	 
88	88	88	74	74	74	74	74	74	74	74	74	74	58	58	58	28	28	28	28	59	59	59	59	83	83	86	86	86	68	0	0	0	0	0	0	0	0	0	 
88	88	88	74	74	74	74	74	74	74	74	74	74	58	58	58	28	28	28	28	59	59	59	59	83	83	86	86	86	68	0	0	0	0	0	0	0	0	0	 	
44	44	44	33	33	33	33	33	33	33	33	33	33	24	24	24	18	18	18	18	20	20	20	20	40	40	48	48	48	59	0	0	0	0	0	0	0	0	0	 	
44	44	44	33	33	33	33	33	33	33	33	33	33	24	24	24	18	18	18	18	20	20	20	20	40	40	48	48	48	59	0	0	0	0	0	0	0	0	0	 	
44	44	44	33	33	33	33	33	33	33	33	33	33	24	24	24	18	18	18	18	20	20	20	20	40	40	48	48	48	59	0	0	0	0	0	0	0	0	0	 	
88	88	88	74	74	74	74	74	74	74	74	74	74	58	58	58	28	28	28	28	59	59	59	59	83	83	86	86	86	68	0	0	0	0	0	0	0	0	0	 	
44	44	44	33	33	33	33	33	33	33	33	33	33	24	24	24	18	18	18	18	20	20	20	20	40	40	48	48	48	59	0	0	0	0	0	0	0	0	0	 
88	88	88	74	74	74	74	74	74	74	74	74	74	58	58	58	28	28	28	28	59	59	59	59	83	83	86	86	86	68	0	0	0	0	0	0	0	0	0	 
---
327	 389	 56	 0	  
470	 612	 35	 0	 
523	 585	 17	 1	  
56	 227	 49	 1	 
57	 177	 49	 0	 
59	 141	 34	 1	  
64	 169	 58	 1	  
65	 140	 20	 0	 
257	 352	 36	 0	  
302	 463	 41	 0	 
309	 458	 37	 1	  
304	 471	 19	 1	 
455	 622	 47	 1	 
375	 498	 14	 0	  
386	 467	 34	 1	  
531	 599	 18	 1	  
54	 134	 59	 0	 
127	 248	 43	 1	  
363	 534	 31	 1	  
494	 609	 32	 0	 
228	 316	 55	 0	  
231	 314	 25	 1	  
332	 481	 53	 0	  
380	 505	 43	 0	  
76	 158	 42	 0	 
139	 302	 26	 0	  
78	 255	 48	 1	  
400	 500	 43	 1	 
414	 578	 36	 1	  
84	 182	 53	 1	  
