m=6
nc=2
n=20
---
0	 0	  0	 700	 200	 320	 30	  
1	 0	  0	 700	 200	 320	 30	  
2	 1	  0	 700	 200	 320	 30	 
3	 1	  0	 700	 200	 320	 30	  
4	 1	  0	 700	 200	 320	 30	  
5	 1	  0	 700	 200	 320	 30	  
---
0	0	0	0	0	23	45	60	60	60	60	32	17	17	63	63	63	63	24	24	69	69	61	61	69	69
0	0	0	0	0	23	45	60	60	60	60	32	17	17	63	63	63	63	24	24	69	69	61	61	69	69
0	0	0	0	0	23	45	60	60	60	60	32	17	17	63	63	63	63	24	24	69	69	61	61	69	69
0	0	0	0	0	23	45	60	60	60	60	32	17	17	63	63	63	63	24	24	69	69	61	61	69	69
0	0	0	0	0	23	45	60	60	60	60	32	17	17	63	63	63	63	24	24	69	69	61	61	69	69
23	23	23	23	23	0	47	51	51	51	51	12	34	34	55	55	55	55	24	24	46	46	59	59	46	46
45	45	45	45	45	47	0	25	25	25	25	41	33	33	24	24	24	24	23	23	67	67	16	16	67	67
60	60	60	60	60	51	25	0	0	0	0	41	54	54	5	5	5	5	36	36	51	51	18	18	51	51
60	60	60	60	60	51	25	0	0	0	0	41	54	54	5	5	5	5	36	36	51	51	18	18	51	51
60	60	60	60	60	51	25	0	0	0	0	41	54	54	5	5	5	5	36	36	51	51	18	18	51	51
60	60	60	60	60	51	25	0	0	0	0	41	54	54	5	5	5	5	36	36	51	51	18	18	51	51
32	32	32	32	32	12	41	41	41	41	41	0	38	38	45	45	45	45	22	22	37	37	51	51	37	37
17	17	17	17	17	34	33	54	54	54	54	38	0	0	55	55	55	55	20	20	75	75	49	49	75	75
17	17	17	17	17	34	33	54	54	54	54	38	0	0	55	55	55	55	20	20	75	75	49	49	75	75
63	63	63	63	63	55	24	5	5	5	5	45	55	55	0	0	0	0	38	38	56	56	15	15	56	56	
63	63	63	63	63	55	24	5	5	5	5	45	55	55	0	0	0	0	38	38	56	56	15	15	56	56	
63	63	63	63	63	55	24	5	5	5	5	45	55	55	0	0	0	0	38	38	56	56	15	15	56	56	
63	63	63	63	63	55	24	5	5	5	5	45	55	55	0	0	0	0	38	38	56	56	15	15	56	56	
24	24	24	24	24	24	23	36	36	36	36	22	20	20	38	38	38	38	0	0	56	56	37	37	56	56	
24	24	24	24	24	24	23	36	36	36	36	22	20	20	38	38	38	38	0	0	56	56	37	37	56	56	
69	69	69	69	69	46	67	51	51	51	51	37	75	75	56	56	56	56	56	56	0	0	0	0	0	0	
69	69	69	69	69	46	67	51	51	51	51	37	75	75	56	56	56	56	56	56	0	0	0	0	0	0	
61	61	61	61	61	59	16	18	18	18	18	51	49	49	15	15	15	15	37	37	0	0	0	0	0	0	
61	61	61	61	61	59	16	18	18	18	18	51	49	49	15	15	15	15	37	37	0	0	0	0	0	0	
69	69	69	69	69	46	67	51	51	51	51	37	75	75	56	56	56	56	56	56	0	0	0	0	0	0	
69	69	69	69	69	46	67	51	51	51	51	37	75	75	56	56	56	56	56	56	0	0	0	0	0	0
---
48	 201	 55	 1	  
83	 252	 46	 1	  
120	 185	 15	 1	 
211	 308	 40	 1	 
323	 403	 31	 0	  
47	 150	 47	 0	  
254	 331	 51	 0	 
212	 298	 54	 1	  
457	 578	 57	 0	 
472	 535	 58	 1	 
462	 605	 11	 1	 
291	 437	 17	 1	  
82	 236	 16	 0	  
164	 317	 36	 1	  
123	 292	 58	 1	  
454	 534	 28	 1	  
461	 596	 20	 0	  
459	 625	 56	 0	  
428	 550	 29	 1	  
530	 657	 26	 1

