m=13
nc=3
n=40
---
0	 0	  0	 700	 200	 320	 30	
1	 0	  0	 700	 200	 320	 30	 
2	 0	  0	 700	 200	 320	 30	  
3	 0	  0	 700	 200	 320	 30	  
4	 1	  0	 700	 200	 320	 30	  
5	 1	  0	 700	 200	 320	 30	  
6	 1	  0	 700	 200	 320	 30	  
7	 1	  0	 700	 200	 320	 30	  
8	 1	  0	 700	 200	 320	 30	  
9	 1	  0	 700	 200	 320	 30	  
10	 2	  0	 700	 200	 320	 30	  
11	 2	  0	 700	 200	 320	 30	  
12	 2	  0	 700	 200	 320	 30	  
---
0	0	48	48	48	87	87	87	87	87	87	87	67	67	67	67	48	48	48	50	50	50	50	42	42	42	42	42	19	19	19	74	74	74	74	74	29	29	29	29	59	6	6	6	59	59	6	6	59	59	59	6	6	 
0	0	48	48	48	87	87	87	87	87	87	87	67	67	67	67	48	48	48	50	50	50	50	42	42	42	42	42	19	19	19	74	74	74	74	74	29	29	29	29	59	6	6	6	59	59	6	6	59	59	59	6	6	 	
48	48	0	0	0	51	51	51	51	51	51	51	79	79	79	79	84	84	84	10	10	10	10	69	69	69	69	69	29	29	29	76	76	76	76	76	48	48	48	48	76	50	50	50	76	76	50	50	76	76	76	50	50	 	
48	48	0	0	0	51	51	51	51	51	51	51	79	79	79	79	84	84	84	10	10	10	10	69	69	69	69	69	29	29	29	76	76	76	76	76	48	48	48	48	76	50	50	50	76	76	50	50	76	76	76	50	50	 	
48	48	0	0	0	51	51	51	51	51	51	51	79	79	79	79	84	84	84	10	10	10	10	69	69	69	69	69	29	29	29	76	76	76	76	76	48	48	48	48	76	50	50	50	76	76	50	50	76	76	76	50	50	 	
87	87	51	51	51	0	0	0	0	0	0	0	73	73	73	73	101	101	101	42	42	42	42	83	83	83	83	83	73	73	73	62	62	62	62	62	98	98	98	98	78	92	92	92	78	78	92	92	78	78	78	92	92	 	
87	87	51	51	51	0	0	0	0	0	0	0	73	73	73	73	101	101	101	42	42	42	42	83	83	83	83	83	73	73	73	62	62	62	62	62	98	98	98	98	78	92	92	92	78	78	92	92	78	78	78	92	92	 	
87	87	51	51	51	0	0	0	0	0	0	0	73	73	73	73	101	101	101	42	42	42	42	83	83	83	83	83	73	73	73	62	62	62	62	62	98	98	98	98	78	92	92	92	78	78	92	92	78	78	78	92	92	 	
87	87	51	51	51	0	0	0	0	0	0	0	73	73	73	73	101	101	101	42	42	42	42	83	83	83	83	83	73	73	73	62	62	62	62	62	98	98	98	98	78	92	92	92	78	78	92	92	78	78	78	92	92	 	
87	87	51	51	51	0	0	0	0	0	0	0	73	73	73	73	101	101	101	42	42	42	42	83	83	83	83	83	73	73	73	62	62	62	62	62	98	98	98	98	78	92	92	92	78	78	92	92	78	78	78	92	92	 	
87	87	51	51	51	0	0	0	0	0	0	0	73	73	73	73	101	101	101	42	42	42	42	83	83	83	83	83	73	73	73	62	62	62	62	62	98	98	98	98	78	92	92	92	78	78	92	92	78	78	78	92	92		
87	87	51	51	51	0	0	0	0	0	0	0	73	73	73	73	101	101	101	42	42	42	42	83	83	83	83	83	73	73	73	62	62	62	62	62	98	98	98	98	78	92	92	92	78	78	92	92	78	78	78	92	92	 	
67	67	79	79	79	73	73	73	73	73	73	73	0	0	0	0	41	41	41	70	70	70	70	29	29	29	29	29	71	71	71	14	14	14	14	14	95	95	95	95	11	74	74	74	11	11	74	74	11	11	11	74	74	 	
67	67	79	79	79	73	73	73	73	73	73	73	0	0	0	0	41	41	41	70	70	70	70	29	29	29	29	29	71	71	71	14	14	14	14	14	95	95	95	95	11	74	74	74	11	11	74	74	11	11	11	74	74	 	
67	67	79	79	79	73	73	73	73	73	73	73	0	0	0	0	41	41	41	70	70	70	70	29	29	29	29	29	71	71	71	14	14	14	14	14	95	95	95	95	11	74	74	74	11	11	74	74	11	11	11	74	74	 	
67	67	79	79	79	73	73	73	73	73	73	73	0	0	0	0	41	41	41	70	70	70	70	29	29	29	29	29	71	71	71	14	14	14	14	14	95	95	95	95	11	74	74	74	11	11	74	74	11	11	11	74	74	 	
48	48	84	84	84	101	101	101	101	101	101	101	41	41	41	41	0	0	0	80	80	80	80	18	18	18	18	18	62	62	62	55	55	55	55	55	76	76	76	76	30	53	53	53	30	30	53	53	30	30	30	53	53	 	
48	48	84	84	84	101	101	101	101	101	101	101	41	41	41	41	0	0	0	80	80	80	80	18	18	18	18	18	62	62	62	55	55	55	55	55	76	76	76	76	30	53	53	53	30	30	53	53	30	30	30	53	53	 	
48	48	84	84	84	101	101	101	101	101	101	101	41	41	41	41	0	0	0	80	80	80	80	18	18	18	18	18	62	62	62	55	55	55	55	55	76	76	76	76	30	53	53	53	30	30	53	53	30	30	30	53	53	 	
50	50	10	10	10	42	42	42	42	42	42	42	70	70	70	70	80	80	80	0	0	0	0	64	64	64	64	64	32	32	32	67	67	67	67	67	55	55	55	55	69	53	53	53	69	69	53	53	69	69	69	53	53	 	
50	50	10	10	10	42	42	42	42	42	42	42	70	70	70	70	80	80	80	0	0	0	0	64	64	64	64	64	32	32	32	67	67	67	67	67	55	55	55	55	69	53	53	53	69	69	53	53	69	69	69	53	53	 	
50	50	10	10	10	42	42	42	42	42	42	42	70	70	70	70	80	80	80	0	0	0	0	64	64	64	64	64	32	32	32	67	67	67	67	67	55	55	55	55	69	53	53	53	69	69	53	53	69	69	69	53	53	 
50	50	10	10	10	42	42	42	42	42	42	42	70	70	70	70	80	80	80	0	0	0	0	64	64	64	64	64	32	32	32	67	67	67	67	67	55	55	55	55	69	53	53	53	69	69	53	53	69	69	69	53	53	 
42	42	69	69	69	83	83	83	83	83	83	83	29	29	29	29	18	18	18	64	64	64	64	0	0	0	0	0	51	51	51	40	40	40	40	40	71	71	71	71	18	48	48	48	18	18	48	48	18	18	18	48	48	18	 	
42	42	69	69	69	83	83	83	83	83	83	83	29	29	29	29	18	18	18	64	64	64	64	0	0	0	0	0	51	51	51	40	40	40	40	40	71	71	71	71	18	48	48	48	18	18	48	48	18	18	18	48	48	18	 
42	42	69	69	69	83	83	83	83	83	83	83	29	29	29	29	18	18	18	64	64	64	64	0	0	0	0	0	51	51	51	40	40	40	40	40	71	71	71	71	18	48	48	48	18	18	48	48	18	18	18	48	48	18	 	
42	42	69	69	69	83	83	83	83	83	83	83	29	29	29	29	18	18	18	64	64	64	64	0	0	0	0	0	51	51	51	40	40	40	40	40	71	71	71	71	18	48	48	48	18	18	48	48	18	18	18	48	48	18	 
42	42	69	69	69	83	83	83	83	83	83	83	29	29	29	29	18	18	18	64	64	64	64	0	0	0	0	0	51	51	51	40	40	40	40	40	71	71	71	71	18	48	48	48	18	18	48	48	18	18	18	48	48	18	 	
19	19	29	29	29	73	73	73	73	73	73	73	71	71	71	71	62	62	62	32	32	32	32	51	51	51	51	51	0	0	0	74	74	74	74	74	27	27	27	27	65	21	21	21	65	65	21	21	65	65	65	21	21	 	
19	19	29	29	29	73	73	73	73	73	73	73	71	71	71	71	62	62	62	32	32	32	32	51	51	51	51	51	0	0	0	74	74	74	74	74	27	27	27	27	65	21	21	21	65	65	21	21	65	65	65	21	21	 	
19	19	29	29	29	73	73	73	73	73	73	73	71	71	71	71	62	62	62	32	32	32	32	51	51	51	51	51	0	0	0	74	74	74	74	74	27	27	27	27	65	21	21	21	65	65	21	21	65	65	65	21	21	 
74	74	76	76	76	62	62	62	62	62	62	62	14	14	14	14	55	55	55	67	67	67	67	40	40	40	40	40	74	74	74	0	0	0	0	0	100	100	100	100	25	81	81	81	25	25	81	81	25	25	25	81	81	 	
74	74	76	76	76	62	62	62	62	62	62	62	14	14	14	14	55	55	55	67	67	67	67	40	40	40	40	40	74	74	74	0	0	0	0	0	100	100	100	100	25	81	81	81	25	25	81	81	25	25	25	81	81	 	
74	74	76	76	76	62	62	62	62	62	62	62	14	14	14	14	55	55	55	67	67	67	67	40	40	40	40	40	74	74	74	0	0	0	0	0	100	100	100	100	25	81	81	81	25	25	81	81	25	25	25	81	81	 	
74	74	76	76	76	62	62	62	62	62	62	62	14	14	14	14	55	55	55	67	67	67	67	40	40	40	40	40	74	74	74	0	0	0	0	0	100	100	100	100	25	81	81	81	25	25	81	81	25	25	25	81	81	 
74	74	76	76	76	62	62	62	62	62	62	62	14	14	14	14	55	55	55	67	67	67	67	40	40	40	40	40	74	74	74	0	0	0	0	0	100	100	100	100	25	81	81	81	25	25	81	81	25	25	25	81	81	 	
29	29	48	48	48	98	98	98	98	98	98	98	95	95	95	95	76	76	76	55	55	55	55	71	71	71	71	71	27	27	27	100	100	100	100	100	0	0	0	0	87	23	23	23	87	87	23	23	87	87	87	23	23	 
29	29	48	48	48	98	98	98	98	98	98	98	95	95	95	95	76	76	76	55	55	55	55	71	71	71	71	71	27	27	27	100	100	100	100	100	0	0	0	0	87	23	23	23	87	87	23	23	87	87	87	23	23	 
29	29	48	48	48	98	98	98	98	98	98	98	95	95	95	95	76	76	76	55	55	55	55	71	71	71	71	71	27	27	27	100	100	100	100	100	0	0	0	0	87	23	23	23	87	87	23	23	87	87	87	23	23	 
29	29	48	48	48	98	98	98	98	98	98	98	95	95	95	95	76	76	76	55	55	55	55	71	71	71	71	71	27	27	27	100	100	100	100	100	0	0	0	0	87	23	23	23	87	87	23	23	87	87	87	23	23	 	
59	59	76	76	76	78	78	78	78	78	78	78	11	11	11	11	30	30	30	69	69	69	69	18	18	18	18	18	65	65	65	25	25	25	25	25	87	87	87	87	0	0	0	0	0	0	0	0	0	0	0	0	0	 	
6	6	50	50	50	92	92	92	92	92	92	92	74	74	74	74	53	53	53	53	53	53	53	48	48	48	48	48	21	21	21	81	81	81	81	81	23	23	23	23	0	0	0	0	0	0	0	0	0	0	0	0	0		 
6	6	50	50	50	92	92	92	92	92	92	92	74	74	74	74	53	53	53	53	53	53	53	48	48	48	48	48	21	21	21	81	81	81	81	81	23	23	23	23	0	0	0	0	0	0	0	0	0	0	0	0	0		 	
6	6	50	50	50	92	92	92	92	92	92	92	74	74	74	74	53	53	53	53	53	53	53	48	48	48	48	48	21	21	21	81	81	81	81	81	23	23	23	23	0	0	0	0	0	0	0	0	0	0	0	0	0		 
59	59	76	76	76	78	78	78	78	78	78	78	11	11	11	11	30	30	30	69	69	69	69	18	18	18	18	18	65	65	65	25	25	25	25	25	87	87	87	87	0	0	0	0	0	0	0	0	0	0	0	0	0	 	
59	59	76	76	76	78	78	78	78	78	78	78	11	11	11	11	30	30	30	69	69	69	69	18	18	18	18	18	65	65	65	25	25	25	25	25	87	87	87	87	0	0	0	0	0	0	0	0	0	0	0	0	0		 	
6	6	50	50	50	92	92	92	92	92	92	92	74	74	74	74	53	53	53	53	53	53	53	48	48	48	48	48	21	21	21	81	81	81	81	81	23	23	23	23	0	0	0	0	0	0	0	0	0	0	0	0	0		 	
6	6	50	50	50	92	92	92	92	92	92	92	74	74	74	74	53	53	53	53	53	53	53	48	48	48	48	48	21	21	21	81	81	81	81	81	23	23	23	23	0	0	0	0	0	0	0	0	0	0	0	0	0		 
59	59	76	76	76	78	78	78	78	78	78	78	11	11	11	11	30	30	30	69	69	69	69	18	18	18	18	18	65	65	65	25	25	25	25	25	87	87	87	87	0	0	0	0	0	0	0	0	0	0	0	0	0		 
59	59	76	76	76	78	78	78	78	78	78	78	11	11	11	11	30	30	30	69	69	69	69	18	18	18	18	18	65	65	65	25	25	25	25	25	87	87	87	87	0	0	0	0	0	0	0	0	0	0	0	0	0		 
59	59	76	76	76	78	78	78	78	78	78	78	11	11	11	11	30	30	30	69	69	69	69	18	18	18	18	18	65	65	65	25	25	25	25	25	87	87	87	87	0	0	0	0	0	0	0	0	0	0	0	0	0		 
6	6	50	50	50	92	92	92	92	92	92	92	74	74	74	74	53	53	53	53	53	53	53	48	48	48	48	48	21	21	21	81	81	81	81	81	23	23	23	23	0	0	0	0	0	0	0	0	0	0	0	0	0		 	
6	6	50	50	50	92	92	92	92	92	92	92	74	74	74	74	53	53	53	53	53	53	53	48	48	48	48	48	21	21	21	81	81	81	81	81	23	23	23	23	0	0	0	0	0	0	0	0	0	0	0	0	0		 	
---
304	 449	 44	 1	 
356	 418	 58	 2	 
389	 566	 41	 1	  
405	 539	 47	 2	  
517	 668	 40	 2	  
75	 199	 47	 0	  
166	 243	 35	 1	  
179	 358	 12	 1	  
432	 553	 37	 1	  
441	 620	 36	 1	  
501	 571	 12	 1	  
512	 650	 53	 1	  
123	 202	 20	 1	  
248	 348	 29	 0	  
329	 449	 48	 1	  
528	 620	 50	 0	  
30	 137	 55	 1	  
124	 208	 27	 0	  
330	 467	 10	 2	  
282	 363	 14	 0	  
288	 409	 32	 0	  
355	 482	 43	 1	  
518	 661	 26	 1	 
75	 236	 11	 1	  
395	 533	 20	 2	  
398	 506	 32	 2	  
402	 543	 11	 0	  
523	 666	 43	 1	  
81	 258	 24	 0	  
128	 191	 10	 0	  
140	 240	 39	 2	  
274	 352	 10	 1	  
276	 383	 56	 1	  
295	 413	 12	 1	  
310	 430	 53	 0	  
327	 497	 30	 2	 
124	 241	 22	 1	  
128	 256	 21	 0	  
264	 406	 18	 0	  
402	 544	 53	 2	  
