m=13
nc=3
n=40
---
0	 0	  0	 700	 200	 320	 30	 
1	 0	  0	 700	 200	 320	 30	 
2	 0	  0	 700	 200	 320	 30	 
3	 0	  0	 700	 200	 320	 30	 
4	 1	  0	 700	 200	 320	 30	 
5	 1	  0	 700	 200	 320	 30	 
6	 1	  0	 700	 200	 320	 30	 
7	 1	  0	 700	 200	 320	 30	 
8	 1	  0	 700	 200	 320	 30	 
9	 1	  0	 700	 200	 320	 30	 
10	 2	  0	 700	 200	 320	 30	 
11	 2	  0	 700	 200	 320	 30	 
12	 2	  0	 700	 200	 320	 30	 
---
0	0	0	0	0	0	87	87	87	87	87	92	84	37	37	37	37	37	101	101	16	16	16	16	16	16	69	69	69	69	29	53	53	53	89	7	7	7	7	7	63	63	50	50	63	50	63	63	50	50	50	50	63	 
0	0	0	0	0	0	87	87	87	87	87	92	84	37	37	37	37	37	101	101	16	16	16	16	16	16	69	69	69	69	29	53	53	53	89	7	7	7	7	7	63	63	50	50	63	50	63	63	50	50	50	50	63		
0	0	0	0	0	0	87	87	87	87	87	92	84	37	37	37	37	37	101	101	16	16	16	16	16	16	69	69	69	69	29	53	53	53	89	7	7	7	7	7	63	63	50	50	63	50	63	63	50	50	50	50	63		
0	0	0	0	0	0	87	87	87	87	87	92	84	37	37	37	37	37	101	101	16	16	16	16	16	16	69	69	69	69	29	53	53	53	89	7	7	7	7	7	63	63	50	50	63	50	63	63	50	50	50	50	63		
0	0	0	0	0	0	87	87	87	87	87	92	84	37	37	37	37	37	101	101	16	16	16	16	16	16	69	69	69	69	29	53	53	53	89	7	7	7	7	7	63	63	50	50	63	50	63	63	50	50	50	50	63		
0	0	0	0	0	0	87	87	87	87	87	92	84	37	37	37	37	37	101	101	16	16	16	16	16	16	69	69	69	69	29	53	53	53	89	7	7	7	7	7	63	63	50	50	63	50	63	63	50	50	50	50	63		
87	87	87	87	87	87	0	0	0	0	0	62	7	53	53	53	53	53	26	26	72	72	72	72	72	72	41	41	41	41	60	66	66	66	22	94	94	94	94	94	79	79	82	82	79	82	79	79	82	82	82	82	79		
87	87	87	87	87	87	0	0	0	0	0	62	7	53	53	53	53	53	26	26	72	72	72	72	72	72	41	41	41	41	60	66	66	66	22	94	94	94	94	94	79	79	82	82	79	82	79	79	82	82	82	82	79		
87	87	87	87	87	87	0	0	0	0	0	62	7	53	53	53	53	53	26	26	72	72	72	72	72	72	41	41	41	41	60	66	66	66	22	94	94	94	94	94	79	79	82	82	79	82	79	79	82	82	82	82	79		
87	87	87	87	87	87	0	0	0	0	0	62	7	53	53	53	53	53	26	26	72	72	72	72	72	72	41	41	41	41	60	66	66	66	22	94	94	94	94	94	79	79	82	82	79	82	79	79	82	82	82	82	79		
87	87	87	87	87	87	0	0	0	0	0	62	7	53	53	53	53	53	26	26	72	72	72	72	72	72	41	41	41	41	60	66	66	66	22	94	94	94	94	94	79	79	82	82	79	82	79	79	82	82	82	82	79		
92	92	92	92	92	92	62	62	62	62	62	0	68	58	58	58	58	58	45	45	76	76	76	76	76	76	92	92	92	92	65	105	105	105	41	95	95	95	95	95	38	38	52	52	38	52	38	38	52	52	52	52	38		
84	84	84	84	84	84	7	7	7	7	7	68	0	52	52	52	52	52	34	34	70	70	70	70	70	70	34	34	34	34	58	59	59	59	29	92	92	92	92	92	82	82	84	84	82	84	82	82	84	84	84	84	82		
37	37	37	37	37	37	53	53	53	53	53	58	52	0	0	0	0	0	63	63	21	21	21	21	21	21	51	51	51	51	8	52	52	52	52	43	43	43	43	43	43	43	37	37	43	37	43	43	37	37	37	37	43		
37	37	37	37	37	37	53	53	53	53	53	58	52	0	0	0	0	0	63	63	21	21	21	21	21	21	51	51	51	51	8	52	52	52	52	43	43	43	43	43	43	43	37	37	43	37	43	43	37	37	37	37	43		
37	37	37	37	37	37	53	53	53	53	53	58	52	0	0	0	0	0	63	63	21	21	21	21	21	21	51	51	51	51	8	52	52	52	52	43	43	43	43	43	43	43	37	37	43	37	43	43	37	37	37	37	43		
37	37	37	37	37	37	53	53	53	53	53	58	52	0	0	0	0	0	63	63	21	21	21	21	21	21	51	51	51	51	8	52	52	52	52	43	43	43	43	43	43	43	37	37	43	37	43	43	37	37	37	37	43		
37	37	37	37	37	37	53	53	53	53	53	58	52	0	0	0	0	0	63	63	21	21	21	21	21	21	51	51	51	51	8	52	52	52	52	43	43	43	43	43	43	43	37	37	43	37	43	43	37	37	37	37	43		
101	101	101	101	101	101	26	26	26	26	26	45	34	63	63	63	63	63	0	0	84	84	84	84	84	84	67	67	67	67	71	90	90	90	11	107	107	107	107	107	73	73	81	81	73	81	73	73	81	81	81	81	73		
101	101	101	101	101	101	26	26	26	26	26	45	34	63	63	63	63	63	0	0	84	84	84	84	84	84	67	67	67	67	71	90	90	90	11	107	107	107	107	107	73	73	81	81	73	81	73	73	81	81	81	81	73		
16	16	16	16	16	16	72	72	72	72	72	76	70	21	21	21	21	21	84	84	0	0	0	0	0	0	60	60	60	60	13	50	50	50	73	22	22	22	22	22	51	51	39	39	51	39	51	51	39	39	39	39	51		
16	16	16	16	16	16	72	72	72	72	72	76	70	21	21	21	21	21	84	84	0	0	0	0	0	0	60	60	60	60	13	50	50	50	73	22	22	22	22	22	51	51	39	39	51	39	51	51	39	39	39	39	51		
16	16	16	16	16	16	72	72	72	72	72	76	70	21	21	21	21	21	84	84	0	0	0	0	0	0	60	60	60	60	13	50	50	50	73	22	22	22	22	22	51	51	39	39	51	39	51	51	39	39	39	39	51		
16	16	16	16	16	16	72	72	72	72	72	76	70	21	21	21	21	21	84	84	0	0	0	0	0	0	60	60	60	60	13	50	50	50	73	22	22	22	22	22	51	51	39	39	51	39	51	51	39	39	39	39	51		
16	16	16	16	16	16	72	72	72	72	72	76	70	21	21	21	21	21	84	84	0	0	0	0	0	0	60	60	60	60	13	50	50	50	73	22	22	22	22	22	51	51	39	39	51	39	51	51	39	39	39	39	51		
16	16	16	16	16	16	72	72	72	72	72	76	70	21	21	21	21	21	84	84	0	0	0	0	0	0	60	60	60	60	13	50	50	50	73	22	22	22	22	22	51	51	39	39	51	39	51	51	39	39	39	39	51		
69	69	69	69	69	69	41	41	41	41	41	92	34	51	51	51	51	51	67	67	60	60	60	60	60	60	0	0	0	0	53	27	27	27	60	77	77	77	77	77	92	92	89	89	92	89	92	92	89	89	89	89	92		
69	69	69	69	69	69	41	41	41	41	41	92	34	51	51	51	51	51	67	67	60	60	60	60	60	60	0	0	0	0	53	27	27	27	60	77	77	77	77	77	92	92	89	89	92	89	92	92	89	89	89	89	92		
69	69	69	69	69	69	41	41	41	41	41	92	34	51	51	51	51	51	67	67	60	60	60	60	60	60	0	0	0	0	53	27	27	27	60	77	77	77	77	77	92	92	89	89	92	89	92	92	89	89	89	89	92		
69	69	69	69	69	69	41	41	41	41	41	92	34	51	51	51	51	51	67	67	60	60	60	60	60	60	0	0	0	0	53	27	27	27	60	77	77	77	77	77	92	92	89	89	92	89	92	92	89	89	89	89	92		
29	29	29	29	29	29	60	60	60	60	60	65	58	8	8	8	8	8	71	71	13	13	13	13	13	13	53	53	53	53	0	49	49	49	60	35	35	35	35	35	46	46	38	38	46	38	46	46	38	38	38	38	46		
53	53	53	53	53	53	66	66	66	66	66	105	59	52	52	52	52	52	90	90	50	50	50	50	50	50	27	27	27	27	49	0	0	0	80	60	60	60	60	60	95	95	87	87	95	87	95	95	87	87	87	87	95		
53	53	53	53	53	53	66	66	66	66	66	105	59	52	52	52	52	52	90	90	50	50	50	50	50	50	27	27	27	27	49	0	0	0	80	60	60	60	60	60	95	95	87	87	95	87	95	95	87	87	87	87	95		
53	53	53	53	53	53	66	66	66	66	66	105	59	52	52	52	52	52	90	90	50	50	50	50	50	50	27	27	27	27	49	0	0	0	80	60	60	60	60	60	95	95	87	87	95	87	95	95	87	87	87	87	95		
89	89	89	89	89	89	22	22	22	22	22	41	29	52	52	52	52	52	11	11	73	73	73	73	73	73	60	60	60	60	60	80	80	80	0	95	95	95	95	95	65	65	72	72	65	72	65	65	72	72	72	72	65		
7	7	7	7	7	7	94	94	94	94	94	95	92	43	43	43	43	43	107	107	22	22	22	22	22	22	77	77	77	77	35	60	60	60	95	0	0	0	0	0	64	64	50	50	64	50	64	64	50	50	50	50	64		
7	7	7	7	7	7	94	94	94	94	94	95	92	43	43	43	43	43	107	107	22	22	22	22	22	22	77	77	77	77	35	60	60	60	95	0	0	0	0	0	64	64	50	50	64	50	64	64	50	50	50	50	64		
7	7	7	7	7	7	94	94	94	94	94	95	92	43	43	43	43	43	107	107	22	22	22	22	22	22	77	77	77	77	35	60	60	60	95	0	0	0	0	0	64	64	50	50	64	50	64	64	50	50	50	50	64		
7	7	7	7	7	7	94	94	94	94	94	95	92	43	43	43	43	43	107	107	22	22	22	22	22	22	77	77	77	77	35	60	60	60	95	0	0	0	0	0	64	64	50	50	64	50	64	64	50	50	50	50	64		
7	7	7	7	7	7	94	94	94	94	94	95	92	43	43	43	43	43	107	107	22	22	22	22	22	22	77	77	77	77	35	60	60	60	95	0	0	0	0	0	64	64	50	50	64	50	64	64	50	50	50	50	64		
63	63	63	63	63	63	79	79	79	79	79	38	82	43	43	43	43	43	73	73	51	51	51	51	51	51	92	92	92	92	46	95	95	95	65	64	64	64	64	64	0	0	0	0	0	0	0	0	0	0	0	0	0		
63	63	63	63	63	63	79	79	79	79	79	38	82	43	43	43	43	43	73	73	51	51	51	51	51	51	92	92	92	92	46	95	95	95	65	64	64	64	64	64	0	0	0	0	0	0	0	0	0	0	0	0	0		
50	50	50	50	50	50	82	82	82	82	82	52	84	37	37	37	37	37	81	81	39	39	39	39	39	39	89	89	89	89	38	87	87	87	72	50	50	50	50	50	0	0	0	0	0	0	0	0	0	0	0	0	0		
50	50	50	50	50	50	82	82	82	82	82	52	84	37	37	37	37	37	81	81	39	39	39	39	39	39	89	89	89	89	38	87	87	87	72	50	50	50	50	50	0	0	0	0	0	0	0	0	0	0	0	0	0		
63	63	63	63	63	63	79	79	79	79	79	38	82	43	43	43	43	43	73	73	51	51	51	51	51	51	92	92	92	92	46	95	95	95	65	64	64	64	64	64	0	0	0	0	0	0	0	0	0	0	0	0	0		
50	50	50	50	50	50	82	82	82	82	82	52	84	37	37	37	37	37	81	81	39	39	39	39	39	39	89	89	89	89	38	87	87	87	72	50	50	50	50	50	0	0	0	0	0	0	0	0	0	0	0	0	0		
63	63	63	63	63	63	79	79	79	79	79	38	82	43	43	43	43	43	73	73	51	51	51	51	51	51	92	92	92	92	46	95	95	95	65	64	64	64	64	64	0	0	0	0	0	0	0	0	0	0	0	0	0	
63	63	63	63	63	63	79	79	79	79	79	38	82	43	43	43	43	43	73	73	51	51	51	51	51	51	92	92	92	92	46	95	95	95	65	64	64	64	64	64	0	0	0	0	0	0	0	0	0	0	0	0	0		
50	50	50	50	50	50	82	82	82	82	82	52	84	37	37	37	37	37	81	81	39	39	39	39	39	39	89	89	89	89	38	87	87	87	72	50	50	50	50	50	0	0	0	0	0	0	0	0	0	0	0	0	0	
50	50	50	50	50	50	82	82	82	82	82	52	84	37	37	37	37	37	81	81	39	39	39	39	39	39	89	89	89	89	38	87	87	87	72	50	50	50	50	50	0	0	0	0	0	0	0	0	0	0	0	0	0		
50	50	50	50	50	50	82	82	82	82	82	52	84	37	37	37	37	37	81	81	39	39	39	39	39	39	89	89	89	89	38	87	87	87	72	50	50	50	50	50	0	0	0	0	0	0	0	0	0	0	0	0	0		
50	50	50	50	50	50	82	82	82	82	82	52	84	37	37	37	37	37	81	81	39	39	39	39	39	39	89	89	89	89	38	87	87	87	72	50	50	50	50	50	0	0	0	0	0	0	0	0	0	0	0	0	0		
63	63	63	63	63	63	79	79	79	79	79	38	82	43	43	43	43	43	73	73	51	51	51	51	51	51	92	92	92	92	46	95	95	95	65	64	64	64	64	64	0	0	0	0	0	0	0	0	0	0	0	0	0		
---
59	 160	 24	 2	 
75	 185	 11	 2	 
77	 215	 26	 1	 
169	 251	 29	 1	 
176	 301	 20	 2	 
478	 555	 41	 1	 
99	 178	 37	 1	 
266	 395	 28	 0	 
280	 435	 18	 1	 
284	 379	 49	 0	 
497	 573	 23	 1	 
393	 558	 42	 0	 
281	 375	 57	 2	 
37	 98	 13	 1	 
320	 461	 27	 1	 
321	 390	 59	 0	 
373	 528	 53	 1	 
470	 536	 39	 2	 
33	 179	 33	 0	 
427	 492	 47	 1	 
46	 112	 21	 0	 
127	 250	 16	 0	 
182	 295	 28	 2	 
197	 319	 34	 1	 
200	 352	 11	 1	 
335	 426	 40	 1	 
296	 435	 55	 1	 
333	 464	 56	 2	 
429	 594	 46	 1	 
439	 583	 31	 2	 
517	 614	 39	 2	 
112	 187	 12	 1	 
131	 233	 26	 0	 
328	 470	 17	 1	 
515	 576	 12	 0	 
394	 490	 51	 0	 
449	 522	 56	 1	 
461	 563	 12	 1	 
461	 634	 34	 1	 
481	 622	 37	 0	 
