m=5
nc=3
n=20
---
0	0	0	600	200	400	60
1	1	0	700	200	400	60
2	1	0	700	200	400	60
3	2	0	700	200	400	60
4	2	0	700	200	400	60
---
0	0	0	0	0	55	55	55	52	52	52	46	30	30	30	30	30	69	69	69	64	64	64	64	63
0	0	0	0	0	55	55	55	52	52	52	46	30	30	30	30	30	69	69	69	64	64	64	64	63
0	0	0	0	0	55	55	55	52	52	52	46	30	30	30	30	30	69	69	69	64	64	64	64	63
0	0	0	0	0	55	55	55	52	52	52	46	30	30	30	30	30	69	69	69	64	64	64	64	63
0	0	0	0	0	55	55	55	52	52	52	46	30	30	30	30	30	69	69	69	64	64	64	64	63
55	55	55	55	55	0	0	0	17	17	17	14	68	68	68	68	68	117	117	117	76	76	76	76	49
55	55	55	55	55	0	0	0	17	17	17	14	68	68	68	68	68	117	117	117	76	76	76	76	49
55	55	55	55	55	0	0	0	17	17	17	14	68	68	68	68	68	117	117	117	76	76	76	76	49
52	52	52	52	52	17	17	17	0	0	0	8	57	57	57	57	57	105	105	105	60	60	60	60	32
52	52	52	52	52	17	17	17	0	0	0	8	57	57	57	57	57	105	105	105	60	60	60	60	32
52	52	52	52	52	17	17	17	0	0	0	8	57	57	57	57	57	105	105	105	60	60	60	60	32
46	46	46	46	46	14	14	14	8	8	8	0	55	55	55	55	55	103	103	103	63	63	63	63	38
30	30	30	30	30	68	68	68	57	57	57	55	0	0	0	0	0	48	48	48	38	38	38	38	51
30	30	30	30	30	68	68	68	57	57	57	55	0	0	0	0	0	48	48	48	38	38	38	38	51
30	30	30	30	30	68	68	68	57	57	57	55	0	0	0	0	0	48	48	48	38	38	38	38	51
30	30	30	30	30	68	68	68	57	57	57	55	0	0	0	0	0	48	48	48	38	38	38	38	51
30	30	30	30	30	68	68	68	57	57	57	55	0	0	0	0	0	48	48	48	38	38	38	38	51
69	69	69	69	69	117	117	117	105	105	105	103	48	48	48	48	48	0	0	0	66	66	66	66	94
69	69	69	69	69	117	117	117	105	105	105	103	48	48	48	48	48	0	0	0	66	66	66	66	94
69	69	69	69	69	117	117	117	105	105	105	103	48	48	48	48	48	0	0	0	66	66	66	66	94
64	64	64	64	64	76	76	76	60	60	60	63	38	38	38	38	38	66	66	66	0	0	0	0	0
64	64	64	64	64	76	76	76	60	60	60	63	38	38	38	38	38	66	66	66	0	0	0	0	0
64	64	64	64	64	76	76	76	60	60	60	63	38	38	38	38	38	66	66	66	0	0	0	0	0
64	64	64	64	64	76	76	76	60	60	60	63	38	38	38	38	38	66	66	66	0	0	0	0	0
63	63	63	63	63	49	49	49	32	32	32	38	51	51	51	51	51	94	94	94	0	0	0	0	0
---
63	239	45	2
63	181	10	1
85	260	30	2
94	202	60	0
319	397	15	2
57	120	30	0
142	316	15	2
391	490	15	2
456	589	50	1
459	559	45	1
467	600	60	2
425	515	30	2
183	295	30	1
255	403	15	1
323	492	30	0
352	467	15	2
405	479	15	1
111	281	30	0
119	179	30	1
326	458	30	1
