m=3
nc=1
n=10
---
0	 0	  0	 700	 200	 320	 30 
1	 0	  0	 700	 200	 320	 30 
2	 0	  0	 700	 200	 320	 30 
---
0	0	0	0	0	62	62	62	62	62	21	9	21	 	
0	0	0	0	0	62	62	62	62	62	21	9	21	 	
0	0	0	0	0	62	62	62	62	62	21	9	21	 	
0	0	0	0	0	62	62	62	62	62	21	9	21	 
0	0	0	0	0	62	62	62	62	62	21	9	21	 	
62	62	62	62	62	0	0	0	0	0	84	71	84	 	
62	62	62	62	62	0	0	0	0	0	84	71	84	 	
62	62	62	62	62	0	0	0	0	0	84	71	84	 	
62	62	62	62	62	0	0	0	0	0	84	71	84	 	
62	62	62	62	62	0	0	0	0	0	84	71	84	 	
21	21	21	21	21	84	84	84	84	84	0	0	0	 	
9	9	9	9	9	71	71	71	71	71	0	0	0	 
21	21	21	21	21	84	84	84	84	84	0	0	0	 
---
35	 204	 28	 0	 
134	 256	 38	 0	 
185	 262	 23	 0	  
200	 283	 24	 0	 
514	 677	 14	 0	  
34	 206	 44	 0	 
45	 121	 43	 0	  
89	 241	 25	 0	 
106	 213	 30	 0	  
398	 552	 50	 0
