m=4
nc=1
n=10
---
0	 0	  0	 700	 200	 320	 30	  
1	 0	  0	 700	 200	 320	 30	 
2	 0	  0	 700	 200	 320	 30	 
3	 0	  0	 700	 200	 320	 30	 
---
0	0	0	90	90	90	90	90	90	90	53	53	53	34	
0	0	0	90	90	90	90	90	90	90	53	53	53	34	
0	0	0	90	90	90	90	90	90	90	53	53	53	34	
90	90	90	0	0	0	0	0	0	0	41	41	41	63	
90	90	90	0	0	0	0	0	0	0	41	41	41	63	
90	90	90	0	0	0	0	0	0	0	41	41	41	63	
90	90	90	0	0	0	0	0	0	0	41	41	41	63	
90	90	90	0	0	0	0	0	0	0	41	41	41	63	
90	90	90	0	0	0	0	0	0	0	41	41	41	63	
90	90	90	0	0	0	0	0	0	0	41	41	41	63	
53	53	53	41	41	41	41	41	41	41	0	0	0	0	
53	53	53	41	41	41	41	41	41	41	0	0	0	0
53	53	53	41	41	41	41	41	41	41	0	0	0	0		
34	34	34	63	63	63	63	63	63	63	0	0	0	0	 
---
128	 278	 54	 0	
442	 552	 39	 0	
461	 614	 47	 0	 
62	 123	 39	 0	 
182	 352	 32	 0	 
197	 294	 19	 0	 
194	 270	 11	 0	 
215	 287	 16	 0	
341	 422	 25	 0	
491	 637	 54	 0	
