m=6
nc=3
n=10
---
0	 0	  0	 700	 200	 320	 30	  
1	 0	  0	 700	 200	 320	 30	  
2	 1	  0	 700	 200	 320	 30	  
3	 1	  0	 700	 200	 320	 30	  
4	 2	  0	 700	 200	 320	 30	  
5	 2	  0	 700	 200	 320	 30	  
---
0	0	75	75	75	94	94	1	1	1	84	96	84	96	96	96	
0	0	75	75	75	94	94	1	1	1	84	96	84	96	96	96	
75	75	0	0	0	63	63	75	75	75	42	50	42	50	50	50	
75	75	0	0	0	63	63	75	75	75	42	50	42	50	50	50	
75	75	0	0	0	63	63	75	75	75	42	50	42	50	50	50	
94	94	63	63	63	0	0	93	93	93	20	18	20	18	18	18	
94	94	63	63	63	0	0	93	93	93	20	18	20	18	18	18	
1	1	75	75	75	93	93	0	0	0	83	95	83	95	95	95	
1	1	75	75	75	93	93	0	0	0	83	95	83	95	95	95	
1	1	75	75	75	93	93	0	0	0	83	95	83	95	95	95	
84	84	42	42	42	20	20	83	83	83	0	0	0	0	0	0	
96	96	50	50	50	18	18	95	95	95	0	0	0	0	0	0	
84	84	42	42	42	20	20	83	83	83	0	0	0	0	0	0	
96	96	50	50	50	18	18	95	95	95	0	0	0	0	0	0	
96	96	50	50	50	18	18	95	95	95	0	0	0	0	0	0	
96	96	50	50	50	18	18	95	95	95	0	0	0	0	0	0	
---
389	 450	 53	 1	 
391	 538	 45	 2	 
251	 388	 56	 1	
449	 593	 44	 1	
455	 609	 22	 1	
172	 292	 15	 2	
172	 276	 42	 2	
362	 455	 22	 0	
383	 473	 59	 0	
481	 588	 21	 1	
