m=8
nc=3
n=20
---
0	 0	  0	 700	 200	 320	 30	  
1	 0	  0	 700	 200	 320	 30	  
2	 0	  0	 700	 200	 320	 30	  
3	 1	  0	 700	 200	 320	 30	  
4	 1	  0	 700	 200	 320	 30	 
5	 2	  0	 700	 200	 320	 30	  
6	 2	  0	 700	 200	 320	 30	  
7	 2	  0	 700	 200	 320	 30	  
---
0	14	14	14	14	14	95	95	95	48	48	48	48	48	111	111	79	91	91	91	110	53	53	110	110	53	110	53	 	
14	0	0	0	0	0	86	86	86	34	34	34	34	34	103	103	67	78	78	78	102	50	50	102	102	50	102	50	 
14	0	0	0	0	0	86	86	86	34	34	34	34	34	103	103	67	78	78	78	102	50	50	102	102	50	102	50	 
14	0	0	0	0	0	86	86	86	34	34	34	34	34	103	103	67	78	78	78	102	50	50	102	102	50	102	50	 
14	0	0	0	0	0	86	86	86	34	34	34	34	34	103	103	67	78	78	78	102	50	50	102	102	50	102	50	 
14	0	0	0	0	0	86	86	86	34	34	34	34	34	103	103	67	78	78	78	102	50	50	102	102	50	102	50	 
95	86	86	86	86	86	0	0	0	58	58	58	58	58	21	21	36	37	37	37	19	50	50	19	19	50	19	50	 
95	86	86	86	86	86	0	0	0	58	58	58	58	58	21	21	36	37	37	37	19	50	50	19	19	50	19	50	 	
95	86	86	86	86	86	0	0	0	58	58	58	58	58	21	21	36	37	37	37	19	50	50	19	19	50	19	50	 	
48	34	34	34	34	34	58	58	58	0	0	0	0	0	78	78	32	43	43	43	77	46	46	77	77	46	77	46	 	
48	34	34	34	34	34	58	58	58	0	0	0	0	0	78	78	32	43	43	43	77	46	46	77	77	46	77	46	 	
48	34	34	34	34	34	58	58	58	0	0	0	0	0	78	78	32	43	43	43	77	46	46	77	77	46	77	46	 	
48	34	34	34	34	34	58	58	58	0	0	0	0	0	78	78	32	43	43	43	77	46	46	77	77	46	77	46	 
48	34	34	34	34	34	58	58	58	0	0	0	0	0	78	78	32	43	43	43	77	46	46	77	77	46	77	46	 
111	103	103	103	103	103	21	21	21	78	78	78	78	78	0	0	57	57	57	57	2	61	61	2	2	61	2	61	 
111	103	103	103	103	103	21	21	21	78	78	78	78	78	0	0	57	57	57	57	2	61	61	2	2	61	2	61	 	
79	67	67	67	67	67	36	36	36	32	32	32	32	32	57	57	0	12	12	12	55	56	56	55	55	56	55	56	 	
91	78	78	78	78	78	37	37	37	43	43	43	43	43	57	57	12	0	0	0	55	67	67	55	55	67	55	67	 	
91	78	78	78	78	78	37	37	37	43	43	43	43	43	57	57	12	0	0	0	55	67	67	55	55	67	55	67	 	
91	78	78	78	78	78	37	37	37	43	43	43	43	43	57	57	12	0	0	0	55	67	67	55	55	67	55	67	 
110	102	102	102	102	102	19	19	19	77	77	77	77	77	2	2	55	55	55	55	0	0	0	0	0	0	0	0	 	
53	50	50	50	50	50	50	50	50	46	46	46	46	46	61	61	56	67	67	67	0	0	0	0	0	0	0	0	 
53	50	50	50	50	50	50	50	50	46	46	46	46	46	61	61	56	67	67	67	0	0	0	0	0	0	0	0	 
110	102	102	102	102	102	19	19	19	77	77	77	77	77	2	2	55	55	55	55	0	0	0	0	0	0	0	0	 	
110	102	102	102	102	102	19	19	19	77	77	77	77	77	2	2	55	55	55	55	0	0	0	0	0	0	0	0	 
53	50	50	50	50	50	50	50	50	46	46	46	46	46	61	61	56	67	67	67	0	0	0	0	0	0	0	0	 
110	102	102	102	102	102	19	19	19	77	77	77	77	77	2	2	55	55	55	55	0	0	0	0	0	0	0	0	 
53	50	50	50	50	50	50	50	50	46	46	46	46	46	61	61	56	67	67	67	0	0	0	0	0	0	0	0	 
---
473	 539	 19	 2	  
92	 201	 52	 2	  
403	 568	 59	 2	  
410	 573	 43	 0	  
417	 568	 24	 0	  
500	 567	 55	 0	  
42	 159	 58	 2	  
53	 123	 14	 2	  
507	 668	 43	 1	 
174	 328	 24	 1	  
283	 437	 20	 1	  
297	 444	 54	 0	 
309	 401	 15	 2	 
316	 428	 55	 0	  
210	 324	 15	 1	  
220	 287	 56	 2	  
235	 319	 40	 2	  
431	 587	 13	 2	  
460	 622	 17	 0	  
482	 591	 18	 1	 
