m=11
nc=2
n=30
---
0	 0	  0	 700	 200	 320	 30	  
1	 0	  0	 700	 200	 320	 30	  
2	 0	  0	 700	 200	 320	 30	  
3	 0	  0	 700	 200	 320	 30	  
4	 0	  0	 700	 200	 320	 30	  
5	 0	  0	 700	 200	 320	 30	  
6	 1	  0	 700	 200	 320	 30	  
7	 1	  0	 700	 200	 320	 30	  
8	 1	  0	 700	 200	 320	 30	  
9	 1	  0	 700	 200	 320	 30	  
10	 1	  0	 700	 200	 320	 30	  
---
0	0	0	0	0	84	46	6	6	6	6	6	6	6	71	71	71	71	71	71	69	69	96	96	96	96	43	43	43	43	86	86	65	86	86	86	86	86	65	65	86	86	86	
0	0	0	0	0	84	46	6	6	6	6	6	6	6	71	71	71	71	71	71	69	69	96	96	96	96	43	43	43	43	86	86	65	86	86	86	86	86	65	65	86	86	86
0	0	0	0	0	84	46	6	6	6	6	6	6	6	71	71	71	71	71	71	69	69	96	96	96	96	43	43	43	43	86	86	65	86	86	86	86	86	65	65	86	86	86
0	0	0	0	0	84	46	6	6	6	6	6	6	6	71	71	71	71	71	71	69	69	96	96	96	96	43	43	43	43	86	86	65	86	86	86	86	86	65	65	86	86	86	
0	0	0	0	0	84	46	6	6	6	6	6	6	6	71	71	71	71	71	71	69	69	96	96	96	96	43	43	43	43	86	86	65	86	86	86	86	86	65	65	86	86	86	
84	84	84	84	84	0	67	89	89	89	89	89	89	89	64	64	64	64	64	64	39	39	40	40	40	40	45	45	45	45	32	32	34	32	32	32	32	32	34	34	32	32	32
46	46	46	46	46	67	0	53	53	53	53	53	53	53	92	92	92	92	92	92	76	76	97	97	97	97	27	27	27	27	86	86	34	86	86	86	86	86	34	34	86	86	86	
6	6	6	6	6	89	53	0	0	0	0	0	0	0	71	71	71	71	71	71	72	72	99	99	99	99	49	49	49	49	89	89	71	89	89	89	89	89	71	71	89	89	89
6	6	6	6	6	89	53	0	0	0	0	0	0	0	71	71	71	71	71	71	72	72	99	99	99	99	49	49	49	49	89	89	71	89	89	89	89	89	71	71	89	89	89	
6	6	6	6	6	89	53	0	0	0	0	0	0	0	71	71	71	71	71	71	72	72	99	99	99	99	49	49	49	49	89	89	71	89	89	89	89	89	71	71	89	89	89	
6	6	6	6	6	89	53	0	0	0	0	0	0	0	71	71	71	71	71	71	72	72	99	99	99	99	49	49	49	49	89	89	71	89	89	89	89	89	71	71	89	89	89	
6	6	6	6	6	89	53	0	0	0	0	0	0	0	71	71	71	71	71	71	72	72	99	99	99	99	49	49	49	49	89	89	71	89	89	89	89	89	71	71	89	89	89	
6	6	6	6	6	89	53	0	0	0	0	0	0	0	71	71	71	71	71	71	72	72	99	99	99	99	49	49	49	49	89	89	71	89	89	89	89	89	71	71	89	89	89
6	6	6	6	6	89	53	0	0	0	0	0	0	0	71	71	71	71	71	71	72	72	99	99	99	99	49	49	49	49	89	89	71	89	89	89	89	89	71	71	89	89	89	
71	71	71	71	71	64	92	71	71	71	71	71	71	71	0	0	0	0	0	0	25	25	41	41	41	41	66	66	66	66	38	38	79	38	38	38	38	38	79	79	38	38	38	
71	71	71	71	71	64	92	71	71	71	71	71	71	71	0	0	0	0	0	0	25	25	41	41	41	41	66	66	66	66	38	38	79	38	38	38	38	38	79	79	38	38	38	
71	71	71	71	71	64	92	71	71	71	71	71	71	71	0	0	0	0	0	0	25	25	41	41	41	41	66	66	66	66	38	38	79	38	38	38	38	38	79	79	38	38	38	
71	71	71	71	71	64	92	71	71	71	71	71	71	71	0	0	0	0	0	0	25	25	41	41	41	41	66	66	66	66	38	38	79	38	38	38	38	38	79	79	38	38	38	
71	71	71	71	71	64	92	71	71	71	71	71	71	71	0	0	0	0	0	0	25	25	41	41	41	41	66	66	66	66	38	38	79	38	38	38	38	38	79	79	38	38	38	
71	71	71	71	71	64	92	71	71	71	71	71	71	71	0	0	0	0	0	0	25	25	41	41	41	41	66	66	66	66	38	38	79	38	38	38	38	38	79	79	38	38	38	
69	69	69	69	69	39	76	72	72	72	72	72	72	72	25	25	25	25	25	25	0	0	27	27	27	27	49	49	49	49	18	18	56	18	18	18	18	18	56	56	18	18	18	
69	69	69	69	69	39	76	72	72	72	72	72	72	72	25	25	25	25	25	25	0	0	27	27	27	27	49	49	49	49	18	18	56	18	18	18	18	18	56	56	18	18	18	
96	96	96	96	96	40	97	99	99	99	99	99	99	99	41	41	41	41	41	41	27	27	0	0	0	0	70	70	70	70	11	11	70	11	11	11	11	11	70	70	11	11	11	
96	96	96	96	96	40	97	99	99	99	99	99	99	99	41	41	41	41	41	41	27	27	0	0	0	0	70	70	70	70	11	11	70	11	11	11	11	11	70	70	11	11	11	
96	96	96	96	96	40	97	99	99	99	99	99	99	99	41	41	41	41	41	41	27	27	0	0	0	0	70	70	70	70	11	11	70	11	11	11	11	11	70	70	11	11	11	
96	96	96	96	96	40	97	99	99	99	99	99	99	99	41	41	41	41	41	41	27	27	0	0	0	0	70	70	70	70	11	11	70	11	11	11	11	11	70	70	11	11	11
43	43	43	43	43	45	27	49	49	49	49	49	49	49	66	66	66	66	66	66	49	49	70	70	70	70	0	0	0	0	59	59	22	59	59	59	59	59	22	22	59	59	59	
43	43	43	43	43	45	27	49	49	49	49	49	49	49	66	66	66	66	66	66	49	49	70	70	70	70	0	0	0	0	59	59	22	59	59	59	59	59	22	22	59	59	59	
43	43	43	43	43	45	27	49	49	49	49	49	49	49	66	66	66	66	66	66	49	49	70	70	70	70	0	0	0	0	59	59	22	59	59	59	59	59	22	22	59	59	59	
43	43	43	43	43	45	27	49	49	49	49	49	49	49	66	66	66	66	66	66	49	49	70	70	70	70	0	0	0	0	59	59	22	59	59	59	59	59	22	22	59	59	59	
86	86	86	86	86	32	86	89	89	89	89	89	89	89	38	38	38	38	38	38	18	18	11	11	11	11	59	59	59	59	0	0	0	0	0	0	0	0	0	0	0	0	0	
86	86	86	86	86	32	86	89	89	89	89	89	89	89	38	38	38	38	38	38	18	18	11	11	11	11	59	59	59	59	0	0	0	0	0	0	0	0	0	0	0	0	0	
65	65	65	65	65	34	34	71	71	71	71	71	71	71	79	79	79	79	79	79	56	56	70	70	70	70	22	22	22	22	0	0	0	0	0	0	0	0	0	0	0	60	60	
86	86	86	86	86	32	86	89	89	89	89	89	89	89	38	38	38	38	38	38	18	18	11	11	11	11	59	59	59	59	0	0	0	0	0	0	0	0	0	0	0	0	0	
86	86	86	86	86	32	86	89	89	89	89	89	89	89	38	38	38	38	38	38	18	18	11	11	11	11	59	59	59	59	0	0	0	0	0	0	0	0	0	0	0	0	0	
86	86	86	86	86	32	86	89	89	89	89	89	89	89	38	38	38	38	38	38	18	18	11	11	11	11	59	59	59	59	0	0	0	0	0	0	0	0	0	0	0	0	0	
86	86	86	86	86	32	86	89	89	89	89	89	89	89	38	38	38	38	38	38	18	18	11	11	11	11	59	59	59	59	0	0	0	0	0	0	0	0	0	0	0	0	0	
86	86	86	86	86	32	86	89	89	89	89	89	89	89	38	38	38	38	38	38	18	18	11	11	11	11	59	59	59	59	0	0	0	0	0	0	0	0	0	0	0	0	0	
65	65	65	65	65	34	34	71	71	71	71	71	71	71	79	79	79	79	79	79	56	56	70	70	70	70	22	22	22	22	0	0	0	0	0	0	0	0	0	0	0	60	60
65	65	65	65	65	34	34	71	71	71	71	71	71	71	79	79	79	79	79	79	56	56	70	70	70	70	22	22	22	22	0	0	0	0	0	0	0	0	0	0	0	60	60
86	86	86	86	86	32	86	89	89	89	89	89	89	89	38	38	38	38	38	38	18	18	11	11	11	11	59	59	59	59	0	0	0	0	0	0	0	0	0	0	0	0	0
---
200	 328	 54	 1	  
234	 327	 17	 0	  
421	 579	 53	 0	  
423	 602	 35	 1	  
521	 599	 51	 1	  
444	 568	 25	 0	  
239	 367	 50	 0	  
276	 336	 38	 1	 
277	 391	 37	 1	 
293	 373	 50	 0	 
283	 384	 31	 0	 
362	 519	 43	 1	 
471	 541	 27	 0	 
490	 653	 37	 0	 
178	 316	 29	 1	 
254	 316	 35	 1	 
259	 355	 10	 0	 
260	 420	 32	 0	 
274	 438	 40	 0	 
289	 357	 46	 0	 
194	 357	 32	 0	 
326	 460	 27	 1	 
178	 352	 38	 1	 
329	 451	 14	 0	 
376	 445	 46	 1	 
499	 611	 50	 1	 
70	 183	 40	 1	 
233	 383	 39	 0	 
235	 361	 29	 0	 
254	 358	 33	 0	 
