m=17
nc=3
n=50
---
0	 0	  0	 700	 200	 320	 30	  
1	 0	  0	 700	 200	 320	 30	  
2	 0	  0	 700	 200	 320	 30	  
3	 0	  0	 700	 200	 320	 30	  
4	 0	  0	 700	 200	 320	 30	  
5	 0	  0	 700	 200	 320	 30	  
6	 0	  0	 700	 200	 320	 30	  
7	 1	  0	 700	 200	 320	 30	  
8	 1	  0	 700	 200	 320	 30	  
9	 1	  0	 700	 200	 320	 30	  
10	 1	  0	 700	 200	 320	 30	 
11	 1	  0	 700	 200	 320	 30	  
12	 2	  0	 700	 200	 320	 30	  
13	 2	  0	 700	 200	 320	 30	  
14	 2	  0	 700	 200	 320	 30	  
15	 2	  0	 700	 200	 320	 30	  
16	 2	  0	 700	 200	 320	 30	  
---
0	0	0	0	0	47	47	79	87	87	87	74	74	74	74	41	41	76	68	68	68	45	45	49	49	49	42	26	26	26	26	97	97	23	23	23	36	36	36	36	36	36	30	30	92	92	92	92	92	92	20	40	40	49	49	49	20	40	5	5	5	5	49	40	49	20	5	
0	0	0	0	0	47	47	79	87	87	87	74	74	74	74	41	41	76	68	68	68	45	45	49	49	49	42	26	26	26	26	97	97	23	23	23	36	36	36	36	36	36	30	30	92	92	92	92	92	92	20	40	40	49	49	49	20	40	5	5	5	5	49	40	49	20	5	
0	0	0	0	0	47	47	79	87	87	87	74	74	74	74	41	41	76	68	68	68	45	45	49	49	49	42	26	26	26	26	97	97	23	23	23	36	36	36	36	36	36	30	30	92	92	92	92	92	92	20	40	40	49	49	49	20	40	5	5	5	5	49	40	49	20	5	
0	0	0	0	0	47	47	79	87	87	87	74	74	74	74	41	41	76	68	68	68	45	45	49	49	49	42	26	26	26	26	97	97	23	23	23	36	36	36	36	36	36	30	30	92	92	92	92	92	92	20	40	40	49	49	49	20	40	5	5	5	5	49	40	49	20	5	
0	0	0	0	0	47	47	79	87	87	87	74	74	74	74	41	41	76	68	68	68	45	45	49	49	49	42	26	26	26	26	97	97	23	23	23	36	36	36	36	36	36	30	30	92	92	92	92	92	92	20	40	40	49	49	49	20	40	5	5	5	5	49	40	49	20	5	
47	47	47	47	47	0	0	32	66	66	66	34	34	34	34	11	11	43	23	23	23	25	25	54	54	54	37	54	54	54	54	67	67	59	59	59	25	25	25	25	25	25	18	18	63	63	63	63	63	63	56	69	69	9	9	9	56	69	42	42	42	42	9	69	9	56	42	
47	47	47	47	47	0	0	32	66	66	66	34	34	34	34	11	11	43	23	23	23	25	25	54	54	54	37	54	54	54	54	67	67	59	59	59	25	25	25	25	25	25	18	18	63	63	63	63	63	63	56	69	69	9	9	9	56	69	42	42	42	42	9	69	9	56	42	
79	79	79	79	79	32	32	0	63	63	63	33	33	33	33	42	42	34	11	11	11	50	50	80	80	80	56	81	81	81	81	53	53	88	88	88	54	54	54	54	54	54	50	50	52	52	52	52	52	52	85	94	94	29	29	29	85	94	74	74	74	74	29	94	29	85	74	
87	87	87	87	87	66	66	63	0	0	0	92	92	92	92	77	77	29	56	56	56	91	91	118	118	118	44	68	68	68	68	20	20	79	79	79	89	89	89	89	89	89	76	76	16	16	16	16	16	16	78	72	72	57	57	57	78	72	82	82	82	82	57	72	57	78	82	
87	87	87	87	87	66	66	63	0	0	0	92	92	92	92	77	77	29	56	56	56	91	91	118	118	118	44	68	68	68	68	20	20	79	79	79	89	89	89	89	89	89	76	76	16	16	16	16	16	16	78	72	72	57	57	57	78	72	82	82	82	82	57	72	57	78	82	
87	87	87	87	87	66	66	63	0	0	0	92	92	92	92	77	77	29	56	56	56	91	91	118	118	118	44	68	68	68	68	20	20	79	79	79	89	89	89	89	89	89	76	76	16	16	16	16	16	16	78	72	72	57	57	57	78	72	82	82	82	82	57	72	57	78	82	
74	74	74	74	74	34	34	33	92	92	92	0	0	0	0	34	34	64	35	35	35	31	31	56	56	56	71	87	87	87	87	86	86	91	91	91	39	39	39	39	39	39	44	44	84	84	84	84	84	84	88	102	102	40	40	40	88	102	71	71	71	71	40	102	40	88	71	
74	74	74	74	74	34	34	33	92	92	92	0	0	0	0	34	34	64	35	35	35	31	31	56	56	56	71	87	87	87	87	86	86	91	91	91	39	39	39	39	39	39	44	44	84	84	84	84	84	84	88	102	102	40	40	40	88	102	71	71	71	71	40	102	40	88	71	
74	74	74	74	74	34	34	33	92	92	92	0	0	0	0	34	34	64	35	35	35	31	31	56	56	56	71	87	87	87	87	86	86	91	91	91	39	39	39	39	39	39	44	44	84	84	84	84	84	84	88	102	102	40	40	40	88	102	71	71	71	71	40	102	40	88	71	
74	74	74	74	74	34	34	33	92	92	92	0	0	0	0	34	34	64	35	35	35	31	31	56	56	56	71	87	87	87	87	86	86	91	91	91	39	39	39	39	39	39	44	44	84	84	84	84	84	84	88	102	102	40	40	40	88	102	71	71	71	71	40	102	40	88	71	
41	41	41	41	41	11	11	42	77	77	77	34	34	34	34	0	0	54	33	33	33	14	14	42	42	42	43	53	53	53	53	78	78	57	57	57	13	13	13	13	13	13	10	10	74	74	74	74	74	74	54	69	69	20	20	20	54	69	37	37	37	37	20	69	20	54	37	
41	41	41	41	41	11	11	42	77	77	77	34	34	34	34	0	0	54	33	33	33	14	14	42	42	42	43	53	53	53	53	78	78	57	57	57	13	13	13	13	13	13	10	10	74	74	74	74	74	74	54	69	69	20	20	20	54	69	37	37	37	37	20	69	20	54	37	
76	76	76	76	76	43	43	34	29	29	29	64	64	64	64	54	54	0	28	28	28	68	68	97	97	97	38	67	67	67	67	24	24	76	76	76	67	67	67	67	67	67	57	57	20	20	20	20	20	20	75	76	76	34	34	34	75	76	71	71	71	71	34	76	34	75	71	
68	68	68	68	68	23	23	11	56	56	56	35	35	35	35	33	33	28	0	0	0	45	45	75	75	75	45	69	69	69	69	51	51	77	77	77	47	47	47	47	47	47	41	41	48	48	48	48	48	48	74	82	82	18	18	18	74	82	64	64	64	64	18	82	18	74	64	
68	68	68	68	68	23	23	11	56	56	56	35	35	35	35	33	33	28	0	0	0	45	45	75	75	75	45	69	69	69	69	51	51	77	77	77	47	47	47	47	47	47	41	41	48	48	48	48	48	48	74	82	82	18	18	18	74	82	64	64	64	64	18	82	18	74	64	
68	68	68	68	68	23	23	11	56	56	56	35	35	35	35	33	33	28	0	0	0	45	45	75	75	75	45	69	69	69	69	51	51	77	77	77	47	47	47	47	47	47	41	41	48	48	48	48	48	48	74	82	82	18	18	18	74	82	64	64	64	64	18	82	18	74	64	
45	45	45	45	45	25	25	50	91	91	91	31	31	31	31	14	14	68	45	45	45	0	0	29	29	29	57	63	63	63	63	92	92	64	64	64	8	8	8	8	8	8	20	20	89	89	89	89	89	89	61	79	79	34	34	34	61	79	43	43	43	43	34	79	34	61	43	
45	45	45	45	45	25	25	50	91	91	91	31	31	31	31	14	14	68	45	45	45	0	0	29	29	29	57	63	63	63	63	92	92	64	64	64	8	8	8	8	8	8	20	20	89	89	89	89	89	89	61	79	79	34	34	34	61	79	43	43	43	43	34	79	34	61	43	
49	49	49	49	49	54	54	80	118	118	118	56	56	56	56	42	42	97	75	75	75	29	29	0	0	0	78	74	74	74	74	121	121	72	72	72	29	29	29	29	29	29	42	42	117	117	117	117	117	117	69	89	89	63	63	63	69	89	50	50	50	50	63	89	63	69	50	
49	49	49	49	49	54	54	80	118	118	118	56	56	56	56	42	42	97	75	75	75	29	29	0	0	0	78	74	74	74	74	121	121	72	72	72	29	29	29	29	29	29	42	42	117	117	117	117	117	117	69	89	89	63	63	63	69	89	50	50	50	50	63	89	63	69	50	
49	49	49	49	49	54	54	80	118	118	118	56	56	56	56	42	42	97	75	75	75	29	29	0	0	0	78	74	74	74	74	121	121	72	72	72	29	29	29	29	29	29	42	42	117	117	117	117	117	117	69	89	89	63	63	63	69	89	50	50	50	50	63	89	63	69	50	
42	42	42	42	42	37	37	56	44	44	44	71	71	71	71	43	43	38	45	45	45	57	57	78	78	78	0	28	28	28	28	55	55	38	38	38	51	51	51	51	51	51	37	37	50	50	50	50	50	50	37	38	38	31	31	31	37	38	38	38	38	38	31	38	31	37	38	
26	26	26	26	26	54	54	81	68	68	68	87	87	87	87	53	53	67	69	69	69	63	63	74	74	74	28	0	0	0	0	83	83	10	10	10	55	55	55	55	55	55	44	44	78	78	78	78	78	78	10	15	15	51	51	51	10	15	24	24	24	24	51	15	51	10	24	
26	26	26	26	26	54	54	81	68	68	68	87	87	87	87	53	53	67	69	69	69	63	63	74	74	74	28	0	0	0	0	83	83	10	10	10	55	55	55	55	55	55	44	44	78	78	78	78	78	78	10	15	15	51	51	51	10	15	24	24	24	24	51	15	51	10	24	
26	26	26	26	26	54	54	81	68	68	68	87	87	87	87	53	53	67	69	69	69	63	63	74	74	74	28	0	0	0	0	83	83	10	10	10	55	55	55	55	55	55	44	44	78	78	78	78	78	78	10	15	15	51	51	51	10	15	24	24	24	24	51	15	51	10	24	
26	26	26	26	26	54	54	81	68	68	68	87	87	87	87	53	53	67	69	69	69	63	63	74	74	74	28	0	0	0	0	83	83	10	10	10	55	55	55	55	55	55	44	44	78	78	78	78	78	78	10	15	15	51	51	51	10	15	24	24	24	24	51	15	51	10	24	
97	97	97	97	97	67	67	53	20	20	20	86	86	86	86	78	78	24	51	51	51	92	92	121	121	121	55	83	83	83	83	0	0	93	93	93	91	91	91	91	91	91	80	80	5	5	5	5	5	5	92	88	88	58	58	58	92	88	92	92	92	92	58	88	58	92	92	
97	97	97	97	97	67	67	53	20	20	20	86	86	86	86	78	78	24	51	51	51	92	92	121	121	121	55	83	83	83	83	0	0	93	93	93	91	91	91	91	91	91	80	80	5	5	5	5	5	5	92	88	88	58	58	58	92	88	92	92	92	92	58	88	58	92	92	
23	23	23	23	23	59	59	88	79	79	79	91	91	91	91	57	57	76	77	77	77	64	64	72	72	72	38	10	10	10	10	93	93	0	0	0	56	56	56	56	56	56	46	46	88	88	88	88	88	88	3	17	17	58	58	58	3	17	22	22	22	22	58	17	58	3	22	
23	23	23	23	23	59	59	88	79	79	79	91	91	91	91	57	57	76	77	77	77	64	64	72	72	72	38	10	10	10	10	93	93	0	0	0	56	56	56	56	56	56	46	46	88	88	88	88	88	88	3	17	17	58	58	58	3	17	22	22	22	22	58	17	58	3	22	
23	23	23	23	23	59	59	88	79	79	79	91	91	91	91	57	57	76	77	77	77	64	64	72	72	72	38	10	10	10	10	93	93	0	0	0	56	56	56	56	56	56	46	46	88	88	88	88	88	88	3	17	17	58	58	58	3	17	22	22	22	22	58	17	58	3	22	
36	36	36	36	36	25	25	54	89	89	89	39	39	39	39	13	13	67	47	47	47	8	8	29	29	29	51	55	55	55	55	91	91	56	56	56	0	0	0	0	0	0	13	13	87	87	87	87	87	87	53	71	71	33	33	33	53	71	34	34	34	34	33	71	33	53	34	
36	36	36	36	36	25	25	54	89	89	89	39	39	39	39	13	13	67	47	47	47	8	8	29	29	29	51	55	55	55	55	91	91	56	56	56	0	0	0	0	0	0	13	13	87	87	87	87	87	87	53	71	71	33	33	33	53	71	34	34	34	34	33	71	33	53	34	
36	36	36	36	36	25	25	54	89	89	89	39	39	39	39	13	13	67	47	47	47	8	8	29	29	29	51	55	55	55	55	91	91	56	56	56	0	0	0	0	0	0	13	13	87	87	87	87	87	87	53	71	71	33	33	33	53	71	34	34	34	34	33	71	33	53	34	
36	36	36	36	36	25	25	54	89	89	89	39	39	39	39	13	13	67	47	47	47	8	8	29	29	29	51	55	55	55	55	91	91	56	56	56	0	0	0	0	0	0	13	13	87	87	87	87	87	87	53	71	71	33	33	33	53	71	34	34	34	34	33	71	33	53	34	
36	36	36	36	36	25	25	54	89	89	89	39	39	39	39	13	13	67	47	47	47	8	8	29	29	29	51	55	55	55	55	91	91	56	56	56	0	0	0	0	0	0	13	13	87	87	87	87	87	87	53	71	71	33	33	33	53	71	34	34	34	34	33	71	33	53	34	
36	36	36	36	36	25	25	54	89	89	89	39	39	39	39	13	13	67	47	47	47	8	8	29	29	29	51	55	55	55	55	91	91	56	56	56	0	0	0	0	0	0	13	13	87	87	87	87	87	87	53	71	71	33	33	33	53	71	34	34	34	34	33	71	33	53	34	
30	30	30	30	30	18	18	50	76	76	76	44	44	44	44	10	10	57	41	41	41	20	20	42	42	42	37	44	44	44	44	80	80	46	46	46	13	13	13	13	13	13	0	0	76	76	76	76	76	76	43	59	59	24	24	24	43	59	27	27	27	27	24	59	24	43	27	
30	30	30	30	30	18	18	50	76	76	76	44	44	44	44	10	10	57	41	41	41	20	20	42	42	42	37	44	44	44	44	80	80	46	46	46	13	13	13	13	13	13	0	0	76	76	76	76	76	76	43	59	59	24	24	24	43	59	27	27	27	27	24	59	24	43	27	
92	92	92	92	92	63	63	52	16	16	16	84	84	84	84	74	74	20	48	48	48	89	89	117	117	117	50	78	78	78	78	5	5	88	88	88	87	87	87	87	87	87	76	76	0	0	0	0	0	0	87	83	83	54	54	54	87	83	87	87	87	87	54	83	54	87	87	
92	92	92	92	92	63	63	52	16	16	16	84	84	84	84	74	74	20	48	48	48	89	89	117	117	117	50	78	78	78	78	5	5	88	88	88	87	87	87	87	87	87	76	76	0	0	0	0	0	0	87	83	83	54	54	54	87	83	87	87	87	87	54	83	54	87	87	
92	92	92	92	92	63	63	52	16	16	16	84	84	84	84	74	74	20	48	48	48	89	89	117	117	117	50	78	78	78	78	5	5	88	88	88	87	87	87	87	87	87	76	76	0	0	0	0	0	0	87	83	83	54	54	54	87	83	87	87	87	87	54	83	54	87	87	
92	92	92	92	92	63	63	52	16	16	16	84	84	84	84	74	74	20	48	48	48	89	89	117	117	117	50	78	78	78	78	5	5	88	88	88	87	87	87	87	87	87	76	76	0	0	0	0	0	0	87	83	83	54	54	54	87	83	87	87	87	87	54	83	54	87	87	
92	92	92	92	92	63	63	52	16	16	16	84	84	84	84	74	74	20	48	48	48	89	89	117	117	117	50	78	78	78	78	5	5	88	88	88	87	87	87	87	87	87	76	76	0	0	0	0	0	0	87	83	83	54	54	54	87	83	87	87	87	87	54	83	54	87	87	
92	92	92	92	92	63	63	52	16	16	16	84	84	84	84	74	74	20	48	48	48	89	89	117	117	117	50	78	78	78	78	5	5	88	88	88	87	87	87	87	87	87	76	76	0	0	0	0	0	0	87	83	83	54	54	54	87	83	87	87	87	87	54	83	54	87	87	
20	20	20	20	20	56	56	85	78	78	78	88	88	88	88	54	54	75	74	74	74	61	61	69	69	69	37	10	10	10	10	92	92	3	3	3	53	53	53	53	53	53	43	43	87	87	87	87	87	87	0	0	0	0	0	0	0	0	0	0	0	0	0	0	0	0	0	
40	40	40	40	40	69	69	94	72	72	72	102	102	102	102	69	69	76	82	82	82	79	79	89	89	89	38	15	15	15	15	88	88	17	17	17	71	71	71	71	71	71	59	59	83	83	83	83	83	83	0	0	0	0	0	0	0	0	0	0	0	0	0	0	0	0	0	
40	40	40	40	40	69	69	94	72	72	72	102	102	102	102	69	69	76	82	82	82	79	79	89	89	89	38	15	15	15	15	88	88	17	17	17	71	71	71	71	71	71	59	59	83	83	83	83	83	83	0	0	0	0	0	0	0	0	0	0	0	0	0	0	0	0	0	
49	49	49	49	49	9	9	29	57	57	57	40	40	40	40	20	20	34	18	18	18	34	34	63	63	63	31	51	51	51	51	58	58	58	58	58	33	33	33	33	33	33	24	24	54	54	54	54	54	54	0	0	0	0	0	0	0	0	0	0	0	0	0	0	0	0	0	
49	49	49	49	49	9	9	29	57	57	57	40	40	40	40	20	20	34	18	18	18	34	34	63	63	63	31	51	51	51	51	58	58	58	58	58	33	33	33	33	33	33	24	24	54	54	54	54	54	54	0	0	0	0	0	0	0	0	0	0	0	0	0	0	0	0	0	
49	49	49	49	49	9	9	29	57	57	57	40	40	40	40	20	20	34	18	18	18	34	34	63	63	63	31	51	51	51	51	58	58	58	58	58	33	33	33	33	33	33	24	24	54	54	54	54	54	54	0	0	0	0	0	0	0	0	0	0	0	0	0	0	0	0	0	
20	20	20	20	20	56	56	85	78	78	78	88	88	88	88	54	54	75	74	74	74	61	61	69	69	69	37	10	10	10	10	92	92	3	3	3	53	53	53	53	53	53	43	43	87	87	87	87	87	87	0	0	0	0	0	0	0	0	0	0	0	0	0	0	0	0	0	
40	40	40	40	40	69	69	94	72	72	72	102	102	102	102	69	69	76	82	82	82	79	79	89	89	89	38	15	15	15	15	88	88	17	17	17	71	71	71	71	71	71	59	59	83	83	83	83	83	83	0	0	0	0	0	0	0	0	0	0	0	0	0	0	0	0	0	
5	5	5	5	5	42	42	74	82	82	82	71	71	71	71	37	37	71	64	64	64	43	43	50	50	50	38	24	24	24	24	92	92	22	22	22	34	34	34	34	34	34	27	27	87	87	87	87	87	87	0	0	0	0	0	0	0	0	0	0	0	0	0	0	0	0	0	
5	5	5	5	5	42	42	74	82	82	82	71	71	71	71	37	37	71	64	64	64	43	43	50	50	50	38	24	24	24	24	92	92	22	22	22	34	34	34	34	34	34	27	27	87	87	87	87	87	87	0	0	0	0	0	0	0	0	0	0	0	0	0	0	0	0	0	
5	5	5	5	5	42	42	74	82	82	82	71	71	71	71	37	37	71	64	64	64	43	43	50	50	50	38	24	24	24	24	92	92	22	22	22	34	34	34	34	34	34	27	27	87	87	87	87	87	87	0	0	0	0	0	0	0	0	0	0	0	0	0	0	0	0	0	
5	5	5	5	5	42	42	74	82	82	82	71	71	71	71	37	37	71	64	64	64	43	43	50	50	50	38	24	24	24	24	92	92	22	22	22	34	34	34	34	34	34	27	27	87	87	87	87	87	87	0	0	0	0	0	0	0	0	0	0	0	0	0	0	0	0	0	
49	49	49	49	49	9	9	29	57	57	57	40	40	40	40	20	20	34	18	18	18	34	34	63	63	63	31	51	51	51	51	58	58	58	58	58	33	33	33	33	33	33	24	24	54	54	54	54	54	54	0	0	0	0	0	0	0	0	0	0	0	0	0	0	0	0	0	
40	40	40	40	40	69	69	94	72	72	72	102	102	102	102	69	69	76	82	82	82	79	79	89	89	89	38	15	15	15	15	88	88	17	17	17	71	71	71	71	71	71	59	59	83	83	83	83	83	83	0	0	0	0	0	0	0	0	0	0	0	0	0	0	0	0	0	
49	49	49	49	49	9	9	29	57	57	57	40	40	40	40	20	20	34	18	18	18	34	34	63	63	63	31	51	51	51	51	58	58	58	58	58	33	33	33	33	33	33	24	24	54	54	54	54	54	54	0	0	0	0	0	0	0	0	0	0	0	0	0	0	0	0	0	
20	20	20	20	20	56	56	85	78	78	78	88	88	88	88	54	54	75	74	74	74	61	61	69	69	69	37	10	10	10	10	92	92	3	3	3	53	53	53	53	53	53	43	43	87	87	87	87	87	87	0	0	0	0	0	0	0	0	0	0	0	0	0	0	0	0	0	
5	5	5	5	5	42	42	74	82	82	82	71	71	71	71	37	37	71	64	64	64	43	43	50	50	50	38	24	24	24	24	92	92	22	22	22	34	34	34	34	34	34	27	27	87	87	87	87	87	87	0	0	0	0	0	0	0	0	0	0	0	0	0	0	0	0	0	
---
254	 508	 27	 0	 
333	 572	 41	 2	 
333	 506	 40	 1	 
334	 568	 55	 0	 
433	 677	 12	 0	 
203	 466	 23	 0	 
260	 535	 44	 2	 
246	 450	 39	 0	 
102	 381	 44	 0	 
184	 414	 43	 1	 
273	 440	 37	 2	 
41	 275	 58	 1	 
80	 309	 27	 0	 
221	 432	 24	 0	 
231	 397	 48	 0	 
117	 290	 57	 0	 
186	 364	 30	 1	 
415	 630	 18	 0	 
339	 566	 33	 0	 
424	 691	 28	 1	 
425	 603	 23	 0	 
102	 270	 48	 2	 
218	 383	 35	 0	 
157	 327	 47	 1	 
164	 432	 58	 1	  
419	 585	 55	 0	 
209	 428	 53	 2	 
70	 241	 19	 0	 
96	 314	 13	 0	 
152	 423	 23	 1	 
163	 393	 30	 1	 
248	 460	 32	 1	 
323	 502	 34	 0	 
261	 494	 36	 1	 
287	 496	 19	 1	 
411	 607	 31	 1	 
53	 224	 16	 2	 
77	 260	 12	 0	 
327	 533	 57	 2	 
344	 573	 29	 0	 
344	 564	 42	 2	 
417	 597	 49	 2	  
214	 385	 36	 0	 
280	 475	 32	 1	 
131	 335	 46	 2	 
262	 470	 18	 0	 
294	 571	 16	 2	 
385	 660	 29	 2	 
391	 563	 48	 0	  
401	 608	 38	 2	 
